1.650230818050568260e+00 2.486581678116107419e+00
1.652074666914973733e+00 2.459758414261695059e+00
1.655760549943751547e+00 2.432975260860126721e+00
1.661284780541441686e+00 2.406258915196206161e+00
1.668641919021432329e+00 2.379636003158919877e+00
1.677824631971141622e+00 2.353133061168822593e+00
1.688823808884309718e+00 2.326776525317832967e+00
1.701628472539989057e+00 2.300592669784518485e+00
1.716225807544560888e+00 2.274607616391383313e+00
1.732601130288565550e+00 2.248847291657310787e+00
1.750738084320113686e+00 2.223337372617283592e+00
1.770618658062856010e+00 2.198103230929725260e+00
1.792223100731778596e+00 2.173169933210771898e+00
1.815530018354626796e+00 2.148562364735382868e+00
1.840516240251942381e+00 2.124305137863037540e+00
1.867156726454579418e+00 2.100422530851500991e+00
1.895424701231508191e+00 2.076938387010988318e+00
1.925292017080655782e+00 2.053875924093423233e+00
1.956729064978080856e+00 2.031257915438323458e+00
1.989704637891141381e+00 2.009106986753553148e+00
2.024185959892948805e+00 1.987445403372578800e+00
2.060138307201297980e+00 1.966295096599055103e+00
2.097525595891637895e+00 1.945676989860586570e+00
2.136310807002007817e+00 1.925611420912222593e+00
2.176455488928531690e+00 1.906118165763690531e+00
2.217919562623985374e+00 1.887216642126285038e+00
2.260661737084164624e+00 1.868925890259042433e+00
2.304639389203626543e+00 1.851264184879356955e+00
2.349808624655528089e+00 1.834249338226711101e+00
2.396124306264741044e+00 1.817898252020429872e+00
2.443540251848493217e+00 1.802227223188840988e+00
2.492009399744702147e+00 1.787251782483042950e+00
2.541483385346370305e+00 1.772986809805212616e+00
2.591912702793830015e+00 1.759446534476267754e+00
2.643247174822173751e+00 1.746644298500152015e+00
2.695435699599681101e+00 1.734592780880535923e+00
2.748426313564903634e+00 1.723304279336353106e+00
2.802166117249495159e+00 1.712790040075736542e+00
2.856601535719598850e+00 1.703060491739853743e+00
2.911678307412163047e+00 1.694125467817775066e+00
2.967341507872037099e+00 1.685993814915816236e+00
3.023535654167044839e+00 1.678673621546161288e+00
3.080204752618278086e+00 1.672172136808567133e+00
3.137292322905303354e+00 1.666495833838998575e+00
3.194741452631339573e+00 1.661650370200541627e+00
3.252494874280763781e+00 1.657640559974146610e+00
3.310495026094161908e+00 1.654470415959155005e+00
3.368684108847646463e+00 1.652143076795680399e+00
3.427004081915606015e+00 1.650660859724205398e+00
3.485396831798645234e+00 1.650025245456245626e+00
3.543804201153743172e+00 1.650236866416602499e+00
3.602167894447600105e+00 1.651295487092110381e+00
3.660429769503547259e+00 1.653200068523022814e+00
3.718531823364907840e+00 1.655948752007380564e+00
3.776416104006430352e+00 1.659538861654855424e+00
3.834024788348183943e+00 1.663966842408127089e+00
3.891300458783617522e+00 1.669228586850281193e+00
3.948185940438922792e+00 1.675319176914109143e+00
