-1.849769470607666122e+01 -1.341830571159146612e-01
-1.847925580171220616e+01 -4.024154147582426622e-01
-1.844239637328417558e+01 -6.702466359635490534e-01
-1.838715316307242631e+01 -9.374097407458360509e-01
-1.831358123871030585e+01 -1.203638415112090243e+00
-1.822175393829204282e+01 -1.468667276529846966e+00
-1.811176279726771909e+01 -1.732232138466293092e+00
-1.798371745719875392e+01 -1.994070273735133236e+00
-1.783774555646481730e+01 -2.253920676388767141e+00
-1.767399260303110609e+01 -2.511524321894693657e+00
-1.749262182940283950e+01 -2.766624425336800641e+00
-1.729381402991156946e+01 -3.018966697384141362e+00
-1.707776738049542331e+01 -3.268299597772091225e+00
-1.684469724115304956e+01 -3.514374586043138571e+00
-1.659483594126807660e+01 -3.756946369297420762e+00
-1.632843254801811739e+01 -3.995773146706026679e+00
-1.604575261809922182e+01 -4.230616850543306384e+00
-1.574707793301315029e+01 -4.461243383497980552e+00
-1.543270621818147426e+01 -4.687422852026412734e+00
-1.510295084616638484e+01 -4.908929795515502015e+00
-1.475814052429411127e+01 -5.125543411026721508e+00
-1.439861896699230392e+01 -5.337047773397296524e+00
-1.402474455316804125e+01 -5.543232050479085515e+00
-1.363688996896791217e+01 -5.743890713300674022e+00
-1.323544183627637061e+01 -5.938823740943103502e+00
-1.282080032732264208e+01 -6.127836819925088108e+00
-1.239337876578031938e+01 -6.310741537898906905e+00
-1.195360321475738630e+01 -6.487355571463929493e+00
-1.150191205208716205e+01 -6.657502867910568334e+00
-1.103875553334383142e+01 -6.821013820713414333e+00
-1.056459534301785652e+01 -6.977725438598731067e+00
-1.007990413429880228e+01 -7.127481508017708300e+00
-9.585165057924438514e+00 -7.270132748863498584e+00
-9.080871280565483872e+00 -7.405536963276905915e+00
-8.567525493226428424e+00 -7.533559177392274542e+00
-8.045639410152174875e+00 -7.654071775882387740e+00
-7.515733258740094236e+00 -7.766954629168212776e+00
-6.978335260966161968e+00 -7.872095213166648620e+00
-6.433981106841675235e+00 -7.969388721457012714e+00
-5.883213420425900786e+00 -8.058738169754331437e+00
-5.326581218926582650e+00 -8.140054492585401036e+00
-4.764639365427584927e+00 -8.213256632071185948e+00
-4.197948015789424225e+00 -8.278271618727069736e+00
-3.627072060273593745e+00 -8.335034644200435494e+00
-3.052580560447779590e+00 -8.383489125873023085e+00
-2.475046181932866407e+00 -8.423586763263733346e+00
-1.895044623557342378e+00 -8.455287586175584735e+00
-1.313154043488300449e+00 -8.478559994538878541e+00
-7.299544829106753285e-01 -8.493380789910842665e+00
-1.460272878297048660e-01 -8.499735198600328445e+00
4.380454704275413280e-01 -8.497616886394562030e+00
1.021681575433404765e+00 -8.487027964873220753e+00
1.604299246025683745e+00 -8.467978989303556858e+00
2.185317716239798536e+00 -8.440488948118691326e+00
2.764157814228818566e+00 -8.404585243989522780e+00
3.340242539594688864e+00 -8.360303666509144804e+00
3.912997638554656099e+00 -8.307688356517010320e+00
4.481852176369984342e+00 -8.246791762098384382e+00
